01, 7817931912, 20220124152222, 20220125092924, 11
02, 7817931912, 20220822211023, 20220823101350, 11
01, 7817931912, 20220501150013, 20220501182544, 11
02, 7969150439, 20220819145608, 20220820124530, 11
01, 7969150439, 20221006213218, 20221007170324, 11
01, 7124211233, 20220912233541, 20220913124403, 3
01, 7817931912, 20220128092223, 20220128182115, 11
01, 7817931912, 20221224091434, 20221224174453, 11
02, 7969150439, 20221119060704, 20221120003735, 11
01, 7124211233, 20220714165225, 20220714184747, 3
02, 7817931912, 20220528235025, 20220529020708, 11
01, 7969150439, 20221021023625, 20221021180446, 11
