02, 7862987523, 20220630080553, 20220701043412
01, 7817931912, 20220124152222, 20220125092924
01, 7074138309, 20220312163351, 20220313160926
02, 7817931912, 20220822211023, 20220823101350
01, 7817931912, 20220501150013, 20220501182544
02, 7427289242, 20220104065201, 20220105001116
01, 7748763787, 20221001115227, 20221002095534
02, 7969150439, 20220819145608, 20220820124530
02, 7628764814, 20220908100507, 20220909041244
01, 7969150439, 20221006213218, 20221007170324
01, 7183260807, 20220324042221, 20220324174303
01, 7124211233, 20220912233541, 20220913124403
01, 7183260807, 20220802061352, 20220802202434
01, 7595452273, 20220714042119, 20220714154649
01, 7090932835, 20220104104012, 20220105065304
02, 7074138309, 20220813165416, 20220814162757
01, 7183260807, 20220103052949, 20220103122512
02, 7590910354, 20220304061816, 20220305040600
02, 7484689093, 20221215235517, 20221216151310
01, 7817931912, 20220128092223, 20220128182115
01, 7068374155, 20220523021744, 20220523233428
02, 7068374155, 20220215144037, 20220216053211
02, 7074138309, 20220817034738, 20220817233448
02, 7074138309, 20221114040049, 20221114091133
02, 7590910354, 20220211143045, 20220211210052
01, 7590910354, 20220401155420, 20220402025619
01, 7817931912, 20221224091434, 20221224174453
02, 7019562200, 20220729190403, 20220730040115
01, 7995247625, 20220723192940, 20220724124843
01, 7074138309, 20220329102044, 20220329103139
02, 7461704821, 20221107005759, 20221107174051
01, 7183260807, 20220109062413, 20220109105803
02, 7969150439, 20221119060704, 20221120003735
02, 7862987523, 20220404155049, 20220404191130
01, 7183260807, 20220730124752, 20220730163420
02, 7074138309, 20220411041404, 20220411070105
02, 7862987523, 20220702181634, 20220703170228
01, 7124211233, 20220714165225, 20220714184747
01, 7773974024, 20221113233231, 20221114133939
02, 7088149033, 20220405110732, 20220405231657
02, 7817931912, 20220528235025, 20220529020708
02, 7590910354, 20220119133311, 20220119143852
02, 7590910354, 20220719121741, 20220720071412
01, 7969150439, 20221021023625, 20221021180446
02, 7590910354, 20220715091350, 20220716090724
02, 7019562200, 20220124062154, 20220124074751
02, 7090932835, 20221210032524, 20221210220541
02, 7862987523, 20220801142917, 20220801144416
01, 7887489082, 20221008180339, 20221009061231
02, 7568018628, 20220719015653, 20220719171025
